* | LEVEL ID |
- 0
* | LEVEL NAME|
=Hi!
* | PLAYER |
+ 320.0 240.0 
0 20.0 20.0 255.0 0.0 0.0
1 20.0 20.0
2 0.1
3 255.0 0.0 0.0 0.0 0.0 0.0
* | MAP BORDERS |
* | Left |
+ 0.0 240.0 
0 20.0 480.0 100.0 0.0 0.0
1 20.0 480.0
* | Right |
+ 640.0 240.0
0 20.0 480.0 100.0 0.0 0.0
1 20.0 480.0
* | Top |
+ 320.0 0.0
0 640.0 20.0 100.0 0.0 0.0
1 640.0 20.0
* | Bottom |
+ 320.0 480.0
0 640.0 20.0 100.0 0.0 0.0
1 640.0 20.0
* | HI GAME OBJECTS |
+ 50.0 240.0
0 20.0 120.0 0.0 255.0 0.0
1 20.0 120.0
+ 75.0 240.0
0 50.0 20.0 0.0 255.0 0.0
1 50.0 20.0
+ 100.0 240.0
0 20.0 120.0 0.0 255.0 0.0
1 20.0 120.0
+ 150.0 260.0
0 20.0 80.0 0.0 255.0 0.0
1 20.0 80.0
+ 150.0 190.0
0 20.0 20.0 0.0 255.0 0.0
1 20.0 20.0